col1
5.43333333333
4.7
121.083333333
109.383333333
4.83333333333
105.5
112.583333333
118.766666667
5.28333333333
5.93333333333
5.85
108.366666667
5.58333333333
3.86666666667
111.7
6.03333333333
108.283333333
4.05
120.116666667
111.983333333
5.36666666667
115.85
118.066666667
6.18333333333
108.016666667
119.55
108.9
109.183333333
121.25
119.1
1.95
4.86666666667
112.583333333
111.75
107.233333333
2.28333333333
1.93333333333
2.76666666667
108.416666667
122.266666667
5.15
115.966666667
109.716666667
3.96666666667
125.15
3.4
7.8
110.866666667
121.866666667
5.78333333333
120.233333333
110.833333333
112.583333333
5.41666666667
108.216666667
5.91666666667
111.5
119.366666667
5.03333333333
2.68333333333
6.1
109.483333333
113.416666667
10.8666666667
107.466666667
4.58333333333
119.75
125.35
113.55
1.98333333333
2.88333333333
112.866666667
3.73333333333
110.066666667
2.08333333333
109.533333333
112.6
107.25
11.8833333333
111.783333333
110.033333333
108.183333333
120.616666667
12.1833333333
112.633333333
7.18333333333
118.033333333
5.55
2.95
3.18333333333
4.01666666667
120.55
107.666666667
5.75
4.41666666667
10.8666666667
113.35
111.116666667
4.9
5.91666666667
7.33333333333
107.616666667
5.1
10.9333333333
108.816666667
119.566666667
6.51666666667
112.05
124.616666667
12.2
108.083333333
2.86666666667
110.766666667
6.15
119.65
120.666666667
4.93333333333
5.1
110.883333333
5.96666666667
113.5
121.816666667
11.45
111.916666667
6.46666666667
113.566666667
7.51666666667
5.63333333333
113.883333333
3.93333333333
2.16666666667
111.45
112.35
108.183333333
5.76666666667
120.583333333
5.5
112.95
2.3
2.33333333333
1.85
12.15
108.983333333
11.9833333333
108.366666667
5.8
115.183333333
5.08333333333
119.716666667
6.75
107.133333333
3.88333333333
4.63333333333
119.166666667
2.11666666667
120.55
109.716666667
111.866666667
112.866666667
5.41666666667
113.45
113.883333333
106.933333333
4.98333333333
110.583333333
6.2
110.6
122.683333333
111.966666667
3.8
5.45
2.23333333333
5.91666666667
5.95
120.35
5.96666666667
115.3
111.316666667
107.883333333
11.4666666667
108.666666667
118.583333333
5.15
113.366666667
6.3
6.61666666667
117.55
4.45
119.183333333
1.96666666667
121.233333333
107.483333333
6.28333333333
6.01666666667
117.483333333
3.28333333333
1.75
5.23333333333
122.533333333
111.4
7.13333333333
5.33333333333
108.516666667
112.6
5.98333333333
112.816666667
7.15
10.8
112.533333333
5.25
115.516666667
123.433333333
113.8
126.083333333
119.416666667
7.03333333333
125.433333333
117.116666667
119.466666667
115.366666667
5.81666666667
111.416666667
106.533333333
9.55
110.8
2.61666666667
2.03333333333
110.233333333
5.03333333333
117.4
112.816666667
121.233333333
2.16666666667
2.3
112.4
107.383333333
108.616666667
5.35
113.916666667
117.766666667
112.516666667
107.2
12.6166666667
105.95
5.85
126.466666667
12.2
112.3
6.45
111.5
113.266666667
4.05
120.433333333
112.033333333
124.283333333
10.1666666667
111.95
10.6166666667
107.916666667
118.066666667
110.283333333
119.483333333
6.31666666667
112.066666667
110.716666667
111.016666667
2.06666666667
110.6
3.31666666667
3.45
2.46666666667
3.91666666667
121.0
12.85
107.116666667
4.18333333333
2.83333333333
113.316666667
112.666666667
11.4333333333
107.233333333
110.55
125.933333333
13.0333333333
106.4
4.93333333333
4.98333333333
113.3
5.51666666667
121.25
11.6333333333
108.3
4.68333333333
6.45
6.35
106.0
7.41666666667
2.95
115.233333333
5.8
6.76666666667
96.55
16.2333333333
5.75
107.033333333
123.916666667
113.266666667
118.3
4.93333333333
117.233333333
108.183333333
5.66666666667
111.95
4.93333333333
120.6
12.6666666667
112.966666667
113.566666667
111.183333333
108.133333333
3.16666666667
113.183333333
6.01666666667
2.7
121.35
118.833333333
3.98333333333
3.88333333333
5.83333333333
115.05
4.98333333333
112.233333333
6.26666666667
119.866666667
